-413 -44 0 0 957
360 205 0 0 160
-580 -127 0 0 401
796 698 0 0 438
-501 796 0 0 704
-340 -972 0 0 933
-164 376 0 0 92
456 -677 0 0 352
-607 165 0 0 922
827 583 0 0 877
965 86 0 0 37
416 420 0 0 582
213 -874 0 0 683
116 -50 0 0 47
821 984 0 0 805
534 494 0 0 893
-13 -960 0 0 388
696 743 0 0 711
-327 367 0 0 135
-177 -373 0 0 566
-751 479 0 0 339
-438 333 0 0 71
416 -639 0 0 837
-816 -16 0 0 454
367 -111 0 0 624
77 389 0 0 314
629 -389 0 0 700
-254 748 0 0 437
-398 202 0 0 74
-182 709 0 0 0
-211 878 0 0 30
498 -127 0 0 427
819 162 0 0 516
610 518 0 0 806
-826 973 0 0 906
721 108 0 0 740
-478 151 0 0 15
-122 -819 0 0 931
-280 158 0 0 579
-640 980 0 0 41
333 513 0 0 714
-518 -843 0 0 435
177 960 0 0 163
-846 -702 0 0 762
366 804 0 0 613
411 -722 0 0 436
-897 -664 0 0 811
-88 -255 0 0 625
523 -956 0 0 392
518 595 0 0 634
-785 331 0 0 453
414 132 0 0 862
-810 238 0 0 1000
-357 788 0 0 548
936 -358 0 0 362
-388 -318 0 0 93
-614 -881 0 0 761
247 -44 0 0 297
-419 -795 0 0 852
-622 -737 0 0 704
-318 -810 0 0 79
977 -796 0 0 3
-934 630 0 0 531
-258 133 0 0 619
-840 829 0 0 579
813 -672 0 0 200
-617 -28 0 0 987
746 562 0 0 202
305 458 0 0 54
396 982 0 0 474
25 399 0 0 254
-588 525 0 0 867
-668 -514 0 0 320
437 495 0 0 871
-450 -748 0 0 725
295 -596 0 0 278
-718 -828 0 0 920
-410 -3 0 0 626
-956 -705 0 0 465
722 -843 0 0 955
407 777 0 0 158
337 125 0 0 940
-641 63 0 0 189
-923 405 0 0 291
-23 -861 0 0 625
-180 530 0 0 876
694 -719 0 0 250
180 -115 0 0 547
850 -68 0 0 630
-310 -773 0 0 344
-405 -13 0 0 500
83 210 0 0 478
420 675 0 0 78
-633 896 0 0 251
-690 -493 0 0 908
75 162 0 0 230
790 -649 0 0 43
-426 586 0 0 297
354 -700 0 0 907
-959 -320 0 0 668
-469 -356 0 0 81
123 481 0 0 325
-838 -711 0 0 152
-133 -600 0 0 537
-307 75 0 0 652
-629 560 0 0 423
-801 -883 0 0 736
261 647 0 0 483
445 -983 0 0 132
-447 624 0 0 723
-112 -677 0 0 489
-596 465 0 0 34
-441 253 0 0 588
-633 -554 0 0 792
719 -163 0 0 414
663 194 0 0 909
-520 771 0 0 259
943 799 0 0 371
-589 292 0 0 164
803 412 0 0 400
355 -331 0 0 806
-260 880 0 0 866
-999 -19 0 0 2
-978 350 0 0 480
-630 -713 0 0 348
-566 -872 0 0 540
432 152 0 0 467
307 782 0 0 81
-446 883 0 0 427
255 -315 0 0 566
-996 748 0 0 784
243 363 0 0 68
724 399 0 0 935
234 213 0 0 63
-87 694 0 0 804
-361 -58 0 0 45
975 -335 0 0 464
-844 771 0 0 863
0 163 0 0 28
-566 -803 0 0 353
973 648 0 0 529
-706 -802 0 0 171
-810 -638 0 0 800
-751 629 0 0 91
-307 -154 0 0 248
-532 966 0 0 303
-279 -885 0 0 520
-412 -195 0 0 486
308 -764 0 0 980
929 -887 0 0 344
619 540 0 0 386
121 358 0 0 218
-866 894 0 0 88
-868 -895 0 0 818
855 314 0 0 318
85 678 0 0 658
544 -959 0 0 487
-178 940 0 0 65
-5 -903 0 0 243
765 -847 0 0 361
179 -817 0 0 370
-481 -501 0 0 789
379 -63 0 0 78
-221 -307 0 0 338
-586 -554 0 0 837
-95 917 0 0 273
936 66 0 0 671
91 105 0 0 91
-657 -938 0 0 873
760 915 0 0 330
809 -949 0 0 857
661 25 0 0 567
938 540 0 0 232
-347 -204 0 0 864
-934 342 0 0 659
795 480 0 0 903
449 -61 0 0 556
-346 439 0 0 298
-362 -986 0 0 198
278 -556 0 0 367
625 817 0 0 711
621 -432 0 0 516
165 -956 0 0 339
875 -730 0 0 421
336 -603 0 0 365
-908 -249 0 0 907
-881 376 0 0 384
-680 -26 0 0 834
-115 -725 0 0 926
637 500 0 0 926
-416 -616 0 0 888
611 325 0 0 266
-596 -215 0 0 506
-513 353 0 0 416
-500 409 0 0 519
19 463 0 0 903
424 222 0 0 573
-221 -341 0 0 333
-199 639 0 0 286
699 -722 0 0 702
217 228 0 0 73
545 -3 0 0 670
468 -716 0 0 472
-313 -901 0 0 9
-685 -499 0 0 827
535 301 0 0 760
-718 -506 0 0 861
-682 329 0 0 847
-24 862 0 0 721
-272 685 0 0 554
146 881 0 0 140
966 845 0 0 862
-902 218 0 0 709
-876 -879 0 0 757
-828 -902 0 0 738
-674 17 0 0 66
-224 -198 0 0 217
791 -166 0 0 67
918 -962 0 0 57
-596 -280 0 0 832
-26 -241 0 0 918
-464 149 0 0 954
193 -368 0 0 915
-341 -192 0 0 43
-289 -727 0 0 494
212 693 0 0 639
-168 -460 0 0 42
411 -499 0 0 499
536 -38 0 0 313
-884 -947 0 0 323
236 203 0 0 793
626 -80 0 0 439
814 -298 0 0 609
-856 296 0 0 400
539 128 0 0 311
718 201 0 0 881
806 -186 0 0 325
753 332 0 0 525
654 733 0 0 417
88 634 0 0 393
354 -445 0 0 814
52 613 0 0 193
994 672 0 0 692
916 -359 0 0 955
163 -511 0 0 852
-380 -337 0 0 375
727 -382 0 0 799
-172 -511 0 0 685
668 733 0 0 380
-770 -744 0 0 63
479 960 0 0 394
-507 -334 0 0 653
397 390 0 0 739
604 544 0 0 894
-185 959 0 0 597
-942 -409 0 0 294
-728 126 0 0 152
361 311 0 0 19
-745 -939 0 0 733
-996 181 0 0 23
-852 840 0 0 280
-808 766 0 0 224
-306 -356 0 0 932
-403 160 0 0 327
-991 577 0 0 174
354 525 0 0 772
-257 953 0 0 395
-837 525 0 0 617
933 -13 0 0 996
-737 873 0 0 866
-134 652 0 0 403
-743 -924 0 0 392
-826 -328 0 0 974
-393 447 0 0 462
784 876 0 0 823
-473 -218 0 0 179
-876 -275 0 0 37
205 -172 0 0 405
257 637 0 0 66
-782 374 0 0 490
-228 -750 0 0 689
645 -398 0 0 913
-485 -39 0 0 996
-623 839 0 0 182
429 -382 0 0 172
526 95 0 0 322
517 987 0 0 826
184 -77 0 0 495
-565 666 0 0 857
342 -931 0 0 885
534 -767 0 0 989
673 224 0 0 578
-664 795 0 0 702
282 794 0 0 389
-316 -448 0 0 79
-810 381 0 0 82
470 -497 0 0 935
519 -675 0 0 25
571 1 0 0 117
-605 593 0 0 300
624 -511 0 0 712
589 5 0 0 522
-754 349 0 0 463
-439 -507 0 0 701
-903 965 0 0 948
-9 764 0 0 985
591 -194 0 0 345
27 909 0 0 822
73 696 0 0 866
438 -829 0 0 638
191 -297 0 0 326
-192 831 0 0 192
-730 -871 0 0 454
808 -173 0 0 455
-293 823 0 0 65
-83 -806 0 0 650
817 200 0 0 35
-444 -947 0 0 913
609 983 0 0 748
945 -533 0 0 928
-608 411 0 0 679
667 710 0 0 288
864 -846 0 0 918
-785 352 0 0 303
829 586 0 0 214
141 -730 0 0 510
339 955 0 0 225
-164 546 0 0 61
871 -630 0 0 336
-513 186 0 0 215
566 540 0 0 244
370 810 0 0 950
-419 965 0 0 919
976 -10 0 0 784
-239 -402 0 0 441
555 -922 0 0 357
252 483 0 0 108
-865 -963 0 0 672
372 -769 0 0 682
338 943 0 0 574
238 452 0 0 950
977 -529 0 0 246
-138 -942 0 0 651
-562 -867 0 0 724
360 969 0 0 578
-561 -63 0 0 799
756 -194 0 0 321
901 -934 0 0 62
923 350 0 0 205
274 786 0 0 836
552 -959 0 0 458
68 359 0 0 557
989 -345 0 0 430
66 -857 0 0 18
-717 -919 0 0 824
-724 251 0 0 482
284 481 0 0 889
8 -483 0 0 283
-657 438 0 0 458
410 310 0 0 872
302 603 0 0 65
418 -345 0 0 435
-610 -458 0 0 927
294 -527 0 0 671
414 803 0 0 843
213 -76 0 0 426
526 593 0 0 617
-242 885 0 0 727
-448 -17 0 0 602
-44 -900 0 0 875
607 -492 0 0 223
522 609 0 0 209
209 -334 0 0 108
-104 -935 0 0 325
-42 -25 0 0 985
-714 121 0 0 495
-201 -755 0 0 304
-897 -897 0 0 634
878 -823 0 0 731
-492 309 0 0 457
-40 73 0 0 628
271 -207 0 0 351
-607 -574 0 0 62
59 943 0 0 237
271 66 0 0 32
109 -752 0 0 332
348 -53 0 0 902
-668 -248 0 0 437
311 -292 0 0 173
544 656 0 0 640
264 -897 0 0 671
-737 156 0 0 283
125 -863 0 0 21
260 3 0 0 67
325 872 0 0 847
732 -814 0 0 573
-129 -174 0 0 669
330 -452 0 0 341
-49 622 0 0 234
-794 -807 0 0 266
265 -356 0 0 116
-408 -554 0 0 2
-963 124 0 0 545
355 189 0 0 127
240 611 0 0 158
-437 423 0 0 889
142 -111 0 0 733
-347 671 0 0 268
640 93 0 0 448
888 502 0 0 320
-522 66 0 0 676
-490 963 0 0 920
-393 250 0 0 183
-33 427 0 0 935
-58 -24 0 0 362
-886 -449 0 0 136
-724 -528 0 0 983
-329 -204 0 0 946
-37 560 0 0 523
-409 824 0 0 617
622 825 0 0 268
-680 2 0 0 846
865 -653 0 0 505
-999 193 0 0 244
-561 382 0 0 692
449 944 0 0 640
196 872 0 0 197
-424 -676 0 0 44
-320 918 0 0 510
661 -641 0 0 126
-779 662 0 0 835
-713 291 0 0 48
789 938 0 0 94
-748 207 0 0 264
641 478 0 0 865
198 409 0 0 68
-226 470 0 0 839
-39 -238 0 0 524
-363 615 0 0 543
208 183 0 0 722
-187 -173 0 0 687
-528 -266 0 0 222
-947 916 0 0 928
35 -489 0 0 677
-862 666 0 0 316
941 141 0 0 253
-158 -930 0 0 138
70 -948 0 0 366
-811 635 0 0 267
230 356 0 0 446
558 693 0 0 988
695 -317 0 0 140
175 -828 0 0 784
-361 146 0 0 684
-999 88 0 0 381
194 460 0 0 122
59 923 0 0 712
349 156 0 0 26
-263 690 0 0 272
96 347 0 0 75
-702 -871 0 0 854
635 853 0 0 33
527 -717 0 0 979
-453 688 0 0 148
56 -61 0 0 266
706 245 0 0 453
29 -801 0 0 88
561 -186 0 0 214
611 748 0 0 816
-89 607 0 0 755
281 -804 0 0 821
-870 -929 0 0 704
-852 836 0 0 476
137 651 0 0 237
715 -411 0 0 420
119 -940 0 0 376
-448 -889 0 0 762
87 -541 0 0 698
263 -302 0 0 923
-863 54 0 0 966
741 226 0 0 265
105 -306 0 0 529
17 998 0 0 161
-620 24 0 0 201
822 40 0 0 117
-441 948 0 0 396
-69 220 0 0 830
-326 694 0 0 77
703 -102 0 0 981
-718 -779 0 0 733
415 892 0 0 538
-793 -500 0 0 940
-147 -864 0 0 489
910 -759 0 0 563
-140 -334 0 0 214
-840 -490 0 0 44
86 346 0 0 380
-449 -365 0 0 577
-525 -116 0 0 76
-378 -272 0 0 168
-697 -403 0 0 507
560 -535 0 0 492
-211 -748 0 0 950
203 575 0 0 944
56 0 0 0 832
-20 333 0 0 934
-436 -304 0 0 569
816 -101 0 0 30
787 371 0 0 803
184 526 0 0 659
319 549 0 0 228
-273 -843 0 0 889
377 -876 0 0 117
-436 -827 0 0 992
430 -186 0 0 335
-93 88 0 0 449
172 192 0 0 874
-165 438 0 0 534
903 -692 0 0 697
-475 598 0 0 213
-36 904 0 0 386
206 69 0 0 324
500 -38 0 0 635
-513 -321 0 0 721
-445 -542 0 0 236
58 -737 0 0 259
-814 -628 0 0 642
319 -481 0 0 381
507 571 0 0 938
765 317 0 0 872
-480 986 0 0 233
451 -691 0 0 262
560 389 0 0 492
-31 761 0 0 527
-165 -912 0 0 822
-180 164 0 0 208
457 791 0 0 31
-699 385 0 0 181
287 839 0 0 101
-844 -337 0 0 763
636 590 0 0 632
500 -519 0 0 468
-153 273 0 0 132
880 -302 0 0 258
312 246 0 0 210
672 -612 0 0 510
-277 -654 0 0 401
991 -346 0 0 361
702 231 0 0 919
-366 -435 0 0 39
807 -545 0 0 333
-663 -923 0 0 724
535 690 0 0 49
362 459 0 0 201
-829 708 0 0 868
173 -526 0 0 603
-552 -609 0 0 496
606 966 0 0 784
204 -479 0 0 157
706 -743 0 0 568
363 588 0 0 72
679 999 0 0 54
-205 -589 0 0 253
866 539 0 0 510
396 -734 0 0 408
888 -74 0 0 944
473 -950 0 0 276
-237 470 0 0 439
-283 -671 0 0 902
160 347 0 0 426
65 -43 0 0 236
-37 -631 0 0 551
-310 225 0 0 144
93 472 0 0 707
1 -120 0 0 803
-580 254 0 0 465
-127 660 0 0 837
923 603 0 0 759
-262 861 0 0 432
-501 869 0 0 577
221 415 0 0 57
-695 -583 0 0 358
-494 -963 0 0 218
-983 527 0 0 124
-530 986 0 0 639
697 654 0 0 760
-6 -341 0 0 428
642 -600 0 0 891
-151 246 0 0 466
338 554 0 0 155
690 -810 0 0 634
429 78 0 0 703
-19 -746 0 0 910
-279 599 0 0 649
462 691 0 0 612
-928 -478 0 0 167
-692 618 0 0 72
469 787 0 0 584
-284 -197 0 0 301
-38 187 0 0 502
551 930 0 0 144
-586 -147 0 0 268
77 -878 0 0 22
161 180 0 0 20
312 834 0 0 995
966 -278 0 0 116
834 324 0 0 143
-31 662 0 0 313
-601 906 0 0 648
-202 776 0 0 235
-117 268 0 0 640
867 462 0 0 401
363 209 0 0 538
734 -995 0 0 504
104 639 0 0 770
193 46 0 0 344
98 -880 0 0 249
279 -490 0 0 333
312 -278 0 0 129
-808 -127 0 0 558
721 250 0 0 481
85 -735 0 0 475
-34 -64 0 0 2
-38 -774 0 0 320
-162 624 0 0 333
680 -702 0 0 709
648 -812 0 0 340
699 -52 0 0 120
310 -767 0 0 581
-171 -398 0 0 649
-879 -811 0 0 270
-516 304 0 0 376
-957 -674 0 0 108
-402 -637 0 0 446
-670 -881 0 0 859
524 868 0 0 765
-972 133 0 0 923
250 -653 0 0 580
-410 567 0 0 314
985 -194 0 0 447
-770 -533 0 0 692
855 -931 0 0 42
-641 591 0 0 631
618 -580 0 0 669
-110 -128 0 0 949
939 566 0 0 695
952 -675 0 0 316
227 -872 0 0 824
280 648 0 0 346
49 418 0 0 950
480 -599 0 0 786
-208 170 0 0 345
-71 808 0 0 910
-567 -670 0 0 137
-684 -934 0 0 204
-55 -847 0 0 597
-267 -28 0 0 875
-574 331 0 0 531
582 249 0 0 599
-57 -53 0 0 189
891 120 0 0 936
-202 -940 0 0 370
-295 -891 0 0 730
743 -231 0 0 265
558 -675 0 0 665
341 -9 0 0 528
923 -61 0 0 845
471 826 0 0 927
83 658 0 0 709
516 976 0 0 445
700 989 0 0 390
-878 189 0 0 927
863 765 0 0 281
-386 233 0 0 304
-210 -675 0 0 633
421 -852 0 0 408
232 768 0 0 296
30 264 0 0 318
183 840 0 0 639
-101 961 0 0 637
-386 -674 0 0 512
575 216 0 0 249
-422 942 0 0 298
520 -560 0 0 42
-551 171 0 0 102
-1000 -87 0 0 264
763 -31 0 0 144
604 -445 0 0 817
-599 -1 0 0 749
-722 -511 0 0 998
988 571 0 0 484
990 992 0 0 967
592 297 0 0 818
862 764 0 0 921
-311 -168 0 0 842
-605 340 0 0 322
444 690 0 0 113
-195 -714 0 0 942
-361 -428 0 0 54
206 -871 0 0 641
666 776 0 0 945
456 597 0 0 882
705 506 0 0 176
-476 -918 0 0 45
-157 -829 0 0 360
-157 -1000 0 0 85
507 -300 0 0 462
-268 152 0 0 117
988 -517 0 0 987
818 -899 0 0 9
-331 -935 0 0 111
28 -537 0 0 309
-72 777 0 0 977
103 209 0 0 485
472 -636 0 0 862
905 280 0 0 535
-790 -225 0 0 805
-915 454 0 0 33
-319 -381 0 0 974
-692 576 0 0 644
-537 -266 0 0 777
159 934 0 0 652
-551 653 0 0 202
896 -486 0 0 183
-34 -623 0 0 374
689 -343 0 0 916
-200 356 0 0 130
376 850 0 0 665
-22 848 0 0 149
823 -1000 0 0 152
-161 988 0 0 701
888 -730 0 0 754
678 79 0 0 871
514 980 0 0 517
839 -786 0 0 553
-943 -16 0 0 476
54 799 0 0 689
870 566 0 0 459
-146 -481 0 0 741
-324 -728 0 0 534
-240 621 0 0 634
31 549 0 0 638
-298 521 0 0 304
762 55 0 0 867
707 -250 0 0 34
319 268 0 0 642
276 612 0 0 657
-503 -203 0 0 689
552 666 0 0 29
956 -520 0 0 527
-879 -571 0 0 943
871 -807 0 0 945
33 -926 0 0 389
121 -690 0 0 31
740 853 0 0 430
-128 18 0 0 395
-558 -865 0 0 268
160 -9 0 0 700
465 -704 0 0 365
-292 -969 0 0 841
-874 -171 0 0 542
538 -999 0 0 325
498 222 0 0 864
-257 939 0 0 968
191 -38 0 0 331
-861 -561 0 0 981
-786 986 0 0 702
-181 -644 0 0 713
-391 68 0 0 805
-796 -312 0 0 844
93 -104 0 0 121
-175 -261 0 0 73
221 296 0 0 745
219 -647 0 0 109
585 377 0 0 500
-38 336 0 0 204
682 -420 0 0 623
-93 -772 0 0 228
-206 78 0 0 890
-777 194 0 0 631
-485 -722 0 0 329
-787 352 0 0 483
-468 496 0 0 434
906 -540 0 0 483
-6 -554 0 0 68
116 -727 0 0 95
240 209 0 0 415
-474 90 0 0 107
-163 828 0 0 473
-142 430 0 0 269
447 387 0 0 238
-311 -473 0 0 137
563 973 0 0 368
-963 664 0 0 140
-949 -940 0 0 831
-341 364 0 0 88
-433 -244 0 0 95
-173 -399 0 0 973
132 -846 0 0 344
-970 814 0 0 75
671 794 0 0 660
907 -488 0 0 556
-439 -857 0 0 499
505 -756 0 0 280
23 460 0 0 728
471 676 0 0 696
-965 984 0 0 954
775 232 0 0 220
344 907 0 0 19
-536 492 0 0 718
-735 708 0 0 250
970 973 0 0 996
433 -440 0 0 406
219 438 0 0 618
-587 738 0 0 314
567 -857 0 0 89
465 573 0 0 537
242 -569 0 0 602
352 918 0 0 887
86 -938 0 0 281
-450 -751 0 0 584
0 -706 0 0 777
-603 -784 0 0 88
-414 -297 0 0 291
-61 691 0 0 96
275 613 0 0 125
-186 -387 0 0 366
-254 868 0 0 744
46 -614 0 0 473
-934 644 0 0 243
698 -691 0 0 600
972 -325 0 0 121
-289 141 0 0 890
-179 115 0 0 368
415 224 0 0 2
-677 -53 0 0 688
-141 -538 0 0 913
-401 -712 0 0 689
-575 694 0 0 806
362 -360 0 0 679
-944 -915 0 0 638
930 -504 0 0 931
-128 515 0 0 496
-297 462 0 0 293
443 577 0 0 274
767 -327 0 0 188
-371 991 0 0 306
-39 956 0 0 685
-109 -169 0 0 4
-810 -276 0 0 385
843 -466 0 0 589
-250 -771 0 0 16
678 -37 0 0 771
-642 -378 0 0 374
-26 -905 0 0 684
-404 703 0 0 718
-414 -638 0 0 829
356 34 0 0 651
-928 747 0 0 636
559 753 0 0 85
-474 910 0 0 650
-336 836 0 0 360
-140 278 0 0 293
31 -594 0 0 973
-580 82 0 0 906
-634 585 0 0 922
414 -999 0 0 527
-905 407 0 0 40
-410 -658 0 0 930
232 629 0 0 996
-641 -316 0 0 220
66 495 0 0 124
-703 -960 0 0 275
439 351 0 0 295
-48 -345 0 0 624
463 997 0 0 196
569 201 0 0 461
935 -951 0 0 435
406 21 0 0 179
608 -453 0 0 687
-586 881 0 0 848
-88 754 0 0 744
-344 532 0 0 759
-356 0 0 0 180
631 200 0 0 400
136 515 0 0 871
231 -796 0 0 647
-541 14 0 0 595
-517 21 0 0 372
778 586 0 0 39
243 520 0 0 974
-797 440 0 0 847
703 166 0 0 275
-768 -933 0 0 201
629 609 0 0 698
-620 -711 0 0 139
975 -875 0 0 540
735 -898 0 0 911
87 79 0 0 683
-187 365 0 0 299
-823 766 0 0 323
-665 -236 0 0 53
-443 492 0 0 688
759 -330 0 0 955
-221 291 0 0 22
876 -237 0 0 859
-430 408 0 0 52
842 -539 0 0 204
662 967 0 0 568
-671 -647 0 0 195
777 809 0 0 663
-447 668 0 0 542
-70 -73 0 0 419
373 -811 0 0 942
839 979 0 0 737
-898 320 0 0 583
193 -483 0 0 476
738 -245 0 0 997
435 579 0 0 198
-237 930 0 0 692
434 791 0 0 960
-343 -76 0 0 424
-275 251 0 0 551
-212 298 0 0 853
-379 951 0 0 931
922 939 0 0 453
344 885 0 0 288
178 -783 0 0 994
773 93 0 0 364
406 174 0 0 825
658 -512 0 0 950
76 -812 0 0 2
81 -402 0 0 192
-402 -401 0 0 672
-833 707 0 0 223
405 -796 0 0 417
333 167 0 0 961
129 -419 0 0 870
-770 -570 0 0 625
576 -516 0 0 738
-526 936 0 0 528
-637 320 0 0 117
-604 -858 0 0 455
-950 605 0 0 444
907 -474 0 0 637
-508 -811 0 0 911
514 300 0 0 351
642 720 0 0 591
727 -410 0 0 139
574 -171 0 0 465
-25 -720 0 0 695
-943 -407 0 0 949
646 704 0 0 772
-165 621 0 0 812
630 -199 0 0 835
778 348 0 0 943
173 350 0 0 217
-33 -362 0 0 930
269 -251 0 0 748
636 -101 0 0 239
-444 8 0 0 394
-412 381 0 0 418
70 -596 0 0 999
-422 -510 0 0 482
-177 -485 0 0 207
-684 -769 0 0 67
745 525 0 0 290
-918 535 0 0 328
322 -875 0 0 256
-330 642 0 0 574
71 116 0 0 603
-111 -16 0 0 189
-782 -679 0 0 461
-58 -41 0 0 672
-135 929 0 0 823
-203 -532 0 0 387
811 748 0 0 346
-863 641 0 0 87
855 879 0 0 779
770 -108 0 0 907
-635 -312 0 0 534
-883 716 0 0 680
-540 244 0 0 540
-127 -955 0 0 580
479 275 0 0 32
266 7 0 0 628
-139 -29 0 0 785
779 -296 0 0 696
-254 -854 0 0 859
-474 -402 0 0 509
-12 247 0 0 940
3 -726 0 0 568
725 841 0 0 36
321 641 0 0 552
-73 755 0 0 748
496 -2 0 0 653
90 928 0 0 982
976 155 0 0 369
-943 571 0 0 57
414 964 0 0 920
