-586 -307 0 0 817
588 875 0 0 412
124 741 0 0 213
264 -35 0 0 723
196 878 0 0 326
50 -696 0 0 644
307 -521 0 0 540
702 821 0 0 915
-809 907 0 0 566
-418 -690 0 0 972
598 -951 0 0 341
753 -747 0 0 360
-654 -515 0 0 171
-851 -48 0 0 516
963 693 0 0 255
-955 149 0 0 437
-971 -802 0 0 925
-42 -893 0 0 930
44 -250 0 0 189
-456 -637 0 0 609
791 -861 0 0 625
-848 836 0 0 880
713 422 0 0 247
-919 936 0 0 173
-299 296 0 0 746
250 -869 0 0 380
318 149 0 0 533
321 451 0 0 952
-572 -401 0 0 104
-671 834 0 0 928
-522 -782 0 0 443
304 570 0 0 909
-757 57 0 0 404
858 -725 0 0 282
43 323 0 0 209
-159 -355 0 0 37
305 961 0 0 916
466 -718 0 0 845
57 46 0 0 144
-790 926 0 0 85
-532 333 0 0 561
-362 655 0 0 871
846 -668 0 0 695
-425 635 0 0 917
708 -749 0 0 609
110 615 0 0 454
-319 730 0 0 205
-515 121 0 0 471
-842 140 0 0 667
-912 782 0 0 752
-728 219 0 0 907
463 14 0 0 803
815 76 0 0 565
-977 964 0 0 347
463 -116 0 0 318
65 292 0 0 351
-452 -983 0 0 106
-789 -679 0 0 968
-851 673 0 0 621
-393 565 0 0 671
-830 -172 0 0 713
-856 770 0 0 113
-180 402 0 0 323
-804 -537 0 0 598
204 -647 0 0 850
516 -978 0 0 644
724 566 0 0 685
-990 -457 0 0 27
-763 -341 0 0 770
-358 -692 0 0 650
-458 -233 0 0 631
695 735 0 0 786
-972 284 0 0 538
358 -866 0 0 726
978 543 0 0 540
-757 -975 0 0 509
-148 136 0 0 948
-59 -131 0 0 683
821 -318 0 0 930
-475 -687 0 0 838
-850 706 0 0 756
-770 -198 0 0 684
-485 65 0 0 864
597 82 0 0 164
205 -452 0 0 62
128 -182 0 0 1000
-938 -674 0 0 933
237 801 0 0 437
-285 -556 0 0 561
687 -88 0 0 347
-883 33 0 0 902
986 927 0 0 649
530 -235 0 0 120
-770 -689 0 0 883
-635 -99 0 0 657
909 228 0 0 15
-943 330 0 0 910
49 -712 0 0 760
915 -337 0 0 724
129 -241 0 0 953
