-888 607 0 0 650
-698 778 0 0 778
828 843 0 0 47
97 -555 0 0 836
533 -359 0 0 517
-777 -548 0 0 115
797 -165 0 0 217
130 -936 0 0 582
246 591 0 0 275
539 907 0 0 489
-85 -487 0 0 67
-596 202 0 0 885
444 -982 0 0 425
252 848 0 0 711
142 -390 0 0 605
52 685 0 0 699
-823 732 0 0 290
681 -691 0 0 623
12 939 0 0 375
-351 535 0 0 160
-398 -558 0 0 239
474 583 0 0 18
553 527 0 0 835
168 832 0 0 745
-875 139 0 0 356
-487 115 0 0 416
83 521 0 0 448
-878 734 0 0 69
-342 -656 0 0 859
-26 902 0 0 360
-809 151 0 0 86
622 145 0 0 86
-377 -936 0 0 173
-836 -602 0 0 980
-948 355 0 0 948
-49 954 0 0 696
-432 -347 0 0 551
650 -894 0 0 339
-937 133 0 0 102
-813 -372 0 0 24
14 485 0 0 722
-658 535 0 0 446
-260 528 0 0 922
635 -162 0 0 266
332 909 0 0 731
-373 -212 0 0 478
561 451 0 0 477
-396 268 0 0 394
-904 668 0 0 486
-921 -938 0 0 526
208 521 0 0 649
730 -257 0 0 58
630 397 0 0 707
521 602 0 0 613
171 -577 0 0 268
937 -368 0 0 57
-706 79 0 0 446
-20 316 0 0 242
-397 764 0 0 289
-809 670 0 0 816
509 363 0 0 219
-963 335 0 0 197
-420 -928 0 0 861
149 18 0 0 629
-174 -901 0 0 386
956 -329 0 0 12
-605 818 0 0 128
-707 -41 0 0 482
-456 -945 0 0 585
-684 -660 0 0 186
489 55 0 0 448
681 180 0 0 848
532 -691 0 0 132
-140 -542 0 0 252
346 -581 0 0 946
-875 282 0 0 55
-746 -465 0 0 606
-684 -262 0 0 110
371 885 0 0 322
-177 329 0 0 163
-549 -532 0 0 363
-376 471 0 0 936
489 -615 0 0 729
-956 649 0 0 41
-285 995 0 0 854
895 807 0 0 226
-224 658 0 0 628
-987 219 0 0 277
-280 334 0 0 653
-1 327 0 0 891
-8 444 0 0 691
998 583 0 0 394
775 -298 0 0 611
685 411 0 0 688
882 932 0 0 901
-121 549 0 0 261
-938 995 0 0 625
-608 -529 0 0 301
-547 491 0 0 876
-34 -404 0 0 332
-933 -96 0 0 200
-151 -973 0 0 931
-207 169 0 0 854
-610 -628 0 0 837
19 -538 0 0 426
-585 685 0 0 424
-229 -67 0 0 101
-860 -901 0 0 268
-269 807 0 0 58
-591 64 0 0 321
-346 963 0 0 941
375 974 0 0 205
-314 -66 0 0 357
-368 -957 0 0 174
-119 524 0 0 664
166 995 0 0 300
791 725 0 0 263
658 760 0 0 446
-693 498 0 0 440
775 878 0 0 174
361 -607 0 0 559
-183 834 0 0 883
798 631 0 0 612
876 -735 0 0 892
29 -397 0 0 388
632 -838 0 0 480
771 959 0 0 815
-503 788 0 0 337
-853 902 0 0 988
533 -345 0 0 708
329 -5 0 0 666
-280 289 0 0 723
-230 -999 0 0 995
62 -677 0 0 69
-126 832 0 0 510
962 -244 0 0 499
486 732 0 0 306
-477 -483 0 0 68
625 -75 0 0 472
467 173 0 0 184
822 817 0 0 690
318 -734 0 0 37
308 -305 0 0 355
70 216 0 0 932
-415 62 0 0 210
-414 -487 0 0 915
-488 -813 0 0 900
178 606 0 0 373
-667 414 0 0 957
-457 -19 0 0 223
-513 -722 0 0 633
189 -734 0 0 460
-816 859 0 0 468
362 -610 0 0 262
-494 675 0 0 808
-917 191 0 0 85
680 895 0 0 190
456 183 0 0 985
-404 -213 0 0 199
334 96 0 0 462
979 898 0 0 786
83 -509 0 0 155
-821 -449 0 0 510
-462 -304 0 0 385
919 133 0 0 88
-226 218 0 0 898
-821 -386 0 0 256
-334 -20 0 0 80
496 -302 0 0 923
-393 -757 0 0 698
-516 789 0 0 772
-753 4 0 0 809
321 63 0 0 654
739 -405 0 0 973
114 678 0 0 995
-848 -483 0 0 108
-247 322 0 0 338
-872 883 0 0 305
-798 377 0 0 786
880 -661 0 0 369
453 813 0 0 162
90 -775 0 0 301
-391 -772 0 0 400
696 582 0 0 353
-88 207 0 0 27
-223 916 0 0 669
813 -253 0 0 759
-525 345 0 0 528
642 945 0 0 87
886 497 0 0 151
-795 826 0 0 881
785 870 0 0 174
334 254 0 0 321
-681 -626 0 0 736
309 662 0 0 60
-585 -842 0 0 539
-716 291 0 0 222
-967 -733 0 0 494
-475 -52 0 0 426
738 -860 0 0 737
-681 511 0 0 248
-396 717 0 0 204
-672 810 0 0 212
256 201 0 0 201
-445 -544 0 0 390
527 -287 0 0 607
117 -837 0 0 482
26 953 0 0 131
-93 -549 0 0 478
929 942 0 0 551
-965 -471 0 0 829
-75 207 0 0 569
-388 -409 0 0 826
-749 941 0 0 541
149 -28 0 0 431
368 289 0 0 536
951 957 0 0 382
-55 -862 0 0 561
148 -10 0 0 521
234 -14 0 0 842
736 -518 0 0 176
70 475 0 0 274
-540 949 0 0 702
-409 902 0 0 277
999 733 0 0 524
235 450 0 0 89
531 185 0 0 158
-371 295 0 0 74
-973 906 0 0 327
849 -632 0 0 861
-786 971 0 0 309
990 -108 0 0 646
661 -765 0 0 410
488 900 0 0 570
-921 -296 0 0 902
515 -24 0 0 519
-275 955 0 0 233
-970 693 0 0 545
-924 297 0 0 632
-322 -683 0 0 57
-77 -181 0 0 10
746 -851 0 0 604
75 -521 0 0 84
-883 -936 0 0 578
855 -236 0 0 227
-674 -50 0 0 403
-425 -534 0 0 552
-863 727 0 0 399
-464 -801 0 0 105
-663 624 0 0 489
541 934 0 0 825
-100 -826 0 0 76
153 -461 0 0 782
-617 281 0 0 61
20 687 0 0 621
917 -348 0 0 565
715 -321 0 0 94
-646 -147 0 0 180
-75 7 0 0 827
42 -433 0 0 549
762 969 0 0 192
851 -300 0 0 106
480 433 0 0 903
871 -999 0 0 272
907 686 0 0 869
833 -548 0 0 951
-122 260 0 0 506
-834 -125 0 0 480
-999 -378 0 0 998
-662 -90 0 0 266
-756 -63 0 0 828
657 327 0 0 327
301 -274 0 0 544
-662 378 0 0 23
-292 182 0 0 40
220 741 0 0 839
-792 434 0 0 796
640 841 0 0 213
938 317 0 0 796
-880 428 0 0 40
559 833 0 0 815
-542 -148 0 0 994
-934 -600 0 0 105
-715 -392 0 0 63
845 -115 0 0 60
380 309 0 0 417
-126 -33 0 0 693
893 -512 0 0 532
122 354 0 0 5
-615 617 0 0 949
-216 -340 0 0 632
913 -406 0 0 498
-897 416 0 0 190
102 783 0 0 523
-214 -933 0 0 910
117 638 0 0 671
606 -379 0 0 724
-760 873 0 0 271
859 770 0 0 702
-17 634 0 0 503
923 -137 0 0 721
-669 615 0 0 315
130 50 0 0 222
753 -219 0 0 690
259 -533 0 0 603
-632 -341 0 0 549
247 -487 0 0 165
-825 -284 0 0 981
-416 -756 0 0 841
825 -220 0 0 856
182 -326 0 0 708
158 276 0 0 549
783 -353 0 0 903
875 170 0 0 930
274 -992 0 0 359
-505 -813 0 0 255
396 -422 0 0 314
99 -900 0 0 773
862 172 0 0 535
-649 179 0 0 19
-1000 9 0 0 331
-535 -281 0 0 371
36 134 0 0 168
-793 -304 0 0 743
-65 -933 0 0 893
-343 -964 0 0 441
-537 -76 0 0 954
-840 -842 0 0 852
812 59 0 0 820
139 -203 0 0 116
-412 -190 0 0 560
959 198 0 0 848
443 -525 0 0 560
-905 263 0 0 667
233 -621 0 0 965
-352 116 0 0 119
-543 -285 0 0 903
-875 -262 0 0 675
-698 670 0 0 393
99 657 0 0 23
-748 -628 0 0 726
94 398 0 0 603
163 982 0 0 213
-768 311 0 0 126
-782 408 0 0 75
474 -514 0 0 868
-600 644 0 0 957
237 335 0 0 469
596 -321 0 0 847
-553 -684 0 0 752
751 -640 0 0 728
-807 -326 0 0 189
-512 946 0 0 310
-639 771 0 0 471
-508 -867 0 0 473
161 761 0 0 16
485 65 0 0 239
322 50 0 0 906
-492 261 0 0 879
-263 249 0 0 173
622 957 0 0 647
325 -59 0 0 304
990 570 0 0 669
810 37 0 0 537
-377 -674 0 0 193
-800 561 0 0 115
806 770 0 0 134
765 58 0 0 597
-796 -734 0 0 768
-884 721 0 0 736
39 -372 0 0 158
-284 -520 0 0 184
-288 337 0 0 365
641 -232 0 0 691
-685 508 0 0 260
-507 -298 0 0 386
-151 -815 0 0 776
-12 -412 0 0 62
-128 -931 0 0 706
794 14 0 0 206
-370 -551 0 0 139
683 -17 0 0 569
-606 -332 0 0 938
401 -729 0 0 216
-140 -824 0 0 891
-972 275 0 0 662
-984 -783 0 0 57
-333 -202 0 0 112
-973 907 0 0 876
346 -927 0 0 804
-701 830 0 0 216
128 -683 0 0 64
-766 918 0 0 809
730 -260 0 0 122
991 -251 0 0 668
359 389 0 0 225
-793 275 0 0 659
-840 566 0 0 626
736 856 0 0 77
-156 805 0 0 900
